import java.util.Arrays;
import java.util.List;

public class DataSet {

    static String[] cities = {
            "Tala", "Shohada", "Berkat elsan3", "Quesna", "Shebin", "Menouf", "Sers", "Bajour",
            "Ashmoun", "Sadat", "Banha", "Zagazig", "ShebinQnatar", "Tanta", "MahalaQubra"
    };

    static List<String> capital_list = Arrays.asList(new String[]{"Shebin",
            "Tanta", "Zagazig"});
    static double[][] hs = {
            {0, 13.7, 19.7, 32.8, 16.3, 32, 31.5, 31.9, 56.5, 77.5, 1000, 1000, 1000, 12.7, 1000},
            {13.7, 0, 28.9, 30.8, 14.3, 22.8, 27.1, 30.7, 41.6, 78.9, 1000, 1000, 1000, 1000, 1000},
            {19.7, 28.9, 0, 17.1, 14.3, 31.6, 30.1, 29.2, 51.5, 82, 1000, 1000, 1000, 19, 1000},
            {32.8, 30.8, 17.1, 0, 18.3, 33.7, 32.5, 33.7, 50.1, 87.7, 11.4, 1000, 1000, 1000, 1000},
            {16.3, 14.3, 15.2, 18.3, 0, 17.9, 16.2, 16.2, 39.1, 67.5, 24, 1000, 1000, 31.1, 1000},
            {32, 22.8, 31.6, 33.7, 17.9, 0, 7.2, 17.1, 24.1, 57.6, 1000, 1000, 1000, 26.3, 1000},
            {31.5, 27.1, 30.1, 32.5, 16.2, 7.2, 0, 8.3, 22.2, 62.6, 1000, 1000, 1000, 1000, 1000},
            {31.9, 30.7, 29.2, 33.7, 16.2, 17.1, 8.3, 0, 21, 70.6, 18, 1000, 1000, 1000, 1000},
            {56.5, 41.6, 51.5, 50.1, 39.1, 24.1, 22.2, 21, 0, 75, 1000, 1000, 1000, 1000, 1000},
            {77.5, 78.9, 82, 87.7, 67.5, 57.7, 62.6, 70.6, 75, 0, 1000, 1000, 1000, 1000, 1000},
            {1000, 1000, 1000, 11.4, 24, 1000, 1000, 18, 1000, 1000, 0, 33.5, 25.5, 1000, 1000},
            {1000, 1000, 1000, 1000, 1000, 1000, 1000, 1000, 1000, 1000, 33.5, 0, 45.5, 1000, 1000},
            {1000, 1000, 1000, 1000, 1000, 1000, 1000, 1000, 1000, 1000, 25.5, 45.5, 0, 1000, 1000},
            {12.7, 1000, 19, 1000, 31.1, 26.3, 1000, 1000, 1000, 1000, 1000, 1000, 1000, 0, 27},
            {1000, 1000, 1000, 1000, 1000, 1000, 1000, 1000, 1000, 1000, 1000, 1000, 1000, 27, 0}

    } ;
}
